84.000
84.700
79.250
80.500
84.500
86.000
82.750
79.750
80.750
81.750
86.000
85.500
84.500
75.500
81.100
83.000
85.900
85.750
84.850
84.250
80.100
83.500
87.350
77.500
79.000
80.600
77.000
82.800
77.500
84.600
85.150
86.900
86.250
78.500
78.250
86.750
84.400
83.250
78.150
83.500
84.850
81.750
84.150
83.667
74.500
79.750
79.900
83.500
81.750
80.500
82.900
78.500
87.550
86.000
82.500
85.200
79.233
78.750
85.950
82.150
76.000
78.150
82.250
86.150
79.250
73.900
84.500
83.000
82.750
76.000
84.600
76.250
86.000
78.250
84.500
85.533
83.400
80.750
80.750
77.750
84.750
80.800
84.750
81.000
84.000
80.500
83.750
80.250
84.400
78.500
81.750
82.800
80.750
84.500
75.500
79.850
84.500
80.600
71.100
85.500
82.500
82.250
80.500
84.250
80.100
82.500
83.950
78.000
77.300
84.500
77.500
83.500
85.750
81.500
84.700
78.500
83.250
83.000
86.250
82.700
71.650
85.800
83.400
82.000
69.000